1 0.196429 0.174107 0.044643 0.133929
2 0.341518 0.178571 0.093750 0.133929
3 0.502232 0.174107 0.084821 0.133929
4 0.662946 0.176339 0.075893 0.120536
5 0.821429 0.176339 0.080357 0.129464
6 0.165179 0.381696 0.080357 0.129464
7 0.348214 0.375000 0.071429 0.125000
8 0.497768 0.383929 0.084821 0.133929
9 0.660714 0.381696 0.080357 0.129464
0 0.819196 0.377232 0.093750 0.138393
1 0.198661 0.589286 0.040179 0.116071
2 0.339286 0.591518 0.089286 0.129464
3 0.502232 0.591518 0.084821 0.138393
4 0.665179 0.587054 0.089286 0.120536
5 0.825893 0.591518 0.080357 0.129464
6 0.171875 0.796875 0.084821 0.129464
7 0.348214 0.794643 0.062500 0.125000
8 0.497768 0.796875 0.084821 0.129464
9 0.665179 0.796875 0.080357 0.129464
0 0.823661 0.796875 0.093750 0.129464
